path,line
analyse.c,952
analyse.c,2711
analyse.c,2712
analyse.c,2713
analyse.c,2714
encoder.c,581
encoder.c,582
encoder.c,583
encoder.c,584
encoder.c,2249
encoder.c,2250
encoder.c,2251
encoder.c,2252
encoder.c,2253
encoder.c,2254
encoder.c,2255
encoder.c,2256
encoder.c,2257
encoder.c,3896
encoder.c,3897
encoder.c,3898
macroblock.c,320
mc.c,692
mc.c,693
mc.c,694
mc.c,695
mc.h,72
mc.h,73
mc.h,74
osdep.h,389
osdep.h,390
rdo.c,1169
rdo.c,1170
rdo.c,1171
rdo.c,1172
rdo.c,1182
rdo.c,1183
rdo.c,1184
rectangle.h,142
rectangle.h,143
slicetype.c,688
slicetype.c,689
slicetype.c,690
slicetype.c,691
